
1734243522
1734244584
1734247551
1734251546
1734251639
1734254850
1734258762
1734261785
1734276567
1734320695
1734323658
1734323778
1734327140
1734331254
1734334136
1734337356
1734338198
1734338388
1734340700
1734341484
1734344283
1734345354
1734347617
1734348315
1734352443
1734355584
1734358546
1734362245
1734363164
1734366031
1734369224
1734373338
1734376397
1734380291
1734407030
1734410043
1734410135
1734413513
1734417544
1734420477
1734423696
1734424538
1734424724
1734427061
1734427844
1734430650
1734431720
1734434004
1734434707
1734438770
